0.24634554112 0.189405608118 0.0800134295833 0.253888320324 0.230347100856 
0.1309738912 0.236229471372 0.111221206428 0.421560094704 0.100015336296 
0.121474436449 0.0547071333777 0.08451358003 0.146640829667 0.592664020477 
0.0657373752623 0.134663986045 0.143045570946 0.398519146499 0.258033921247 
0.203656925081 0.0492900061199 0.0354238428883 0.696960384891 0.0146688410199 
0.372095624666 0.0558378693009 0.189790221126 0.0377091563095 0.344567128598 
0.236107431212 0.422730796656 0.0136433965223 0.219735810827 0.107782564782 
0.167944139801 0.0283727271581 0.114643677113 0.210399633823 0.478639822105 
0.0596912745191 0.130159070082 0.134221952217 0.00353044554332 0.672397257638 
0.31564300976 0.156877897486 0.277816499481 0.11609825088 0.133564342392 
0.181990262377 0.328776322088 0.299456912657 0.156230665011 0.0335458378679 
0.536488983745 0.128015798178 0.108926071164 0.0425691231287 0.184000023784 
0.491225739886 0.148529848019 0.0376359062616 0.221223712075 0.101384793759 
0.138381012497 0.187435941413 0.361575231239 0.224756820217 0.0878509946331 
0.0532407306802 0.233946324835 0.267543027935 0.176159916971 0.269109999578 
0.0257599787702 0.46513090522 0.00283485233582 0.256689236679 0.249585026995 
0.246256593145 0.147183452575 0.445887872726 0.00901117251093 0.151660909042 
0.0374848308568 0.82210089184 0.0583857251197 0.0530221352993 0.0290064168838 
0.00758521949186 0.234815330971 0.0620741751437 0.0370492442094 0.658476030184 
0.414670841034 0.00537001540602 0.289357077462 0.119647138603 0.170954927496 
0.0410130659834 0.167297720982 0.116655675886 0.235793668836 0.439239868312 
0.0852493369397 0.716603878495 0.0263594261808 0.0978865439044 0.0739008144806 
0.0176802028476 0.563374517745 0.0478444485033 0.2490443063 0.122056524604 
0.106047079393 0.0217406932494 0.137634338064 0.667402515347 0.0671753739473 
0.0424216049152 0.469989666872 0.187050405799 0.182015689799 0.118522632615 
0.339996433397 0.0552380965048 0.412539914801 0.0380743499852 0.154151205313 
0.461238374371 0.105937999024 0.158156221117 0.268315270696 0.00635213479262 
0.125269401041 0.0969780203414 0.3375997889 0.265378394053 0.174774395665 
0.526855152828 0.192870095019 0.0559804159799 0.169531400905 0.0547629352677 
0.28011326151 0.274051119193 0.0155091557426 0.188589924346 0.241736539209 
0.109209544237 0.202132350607 0.235401324774 0.0953916400868 0.357865140295 
0.219944262942 0.399166596944 0.100797321662 0.0796545320891 0.200437286362 
0.0384737129101 0.180277508606 0.280239745096 0.26297087998 0.238038153408 
0.0595097276367 0.392223202104 0.283706283674 0.222271603252 0.0422891833324 
0.255759133781 0.339327241411 0.305534414145 0.0178934089079 0.0814858017544 
5.32745543337e-05 0.188463598015 0.225623593817 0.298163632354 0.28769590126 
0.150846632025 0.312796156076 0.316790670497 0.115266059025 0.104300482377 
0.0739167302575 0.586941471357 0.0150258801355 0.163012669578 0.161103248672 
0.242162640501 0.07451823827 0.381744429145 0.19037141428 0.111203277804 
0.0535942558706 0.129491687333 0.553808300527 0.123784940416 0.139320815853 
0.364102060191 0.167771168523 0.382407889606 0.0408369781746 0.0448819035052 
0.20542957523 0.290751854584 0.0883120564227 0.310859728916 0.104646784848 
0.174605064449 0.0220459516914 0.129893352047 0.551811475948 0.121644155865 
0.492374099871 0.0202703098885 0.181469070302 0.0170137801228 0.288872739815 
0.440821632797 0.176532479158 0.0496842190069 0.285765430614 0.0471962384233 
0.235418874651 0.0656336676082 0.336266049776 0.314597696893 0.0480837110722 
0.158929205058 0.445537184001 0.206978988425 0.0170854027421 0.171469219775 
0.249390804124 0.244109083748 0.0512687936825 0.370549650314 0.0846816681319 
0.23614774349 0.000762067245573 0.0652463353997 0.0368557862612 0.660988067604 
0.00566854290268 0.140483875549 0.162289937608 0.270437981327 0.421119662613 
0.214762435557 0.030305669651 0.124742134223 0.227127170689 0.40306258988 
0.457797553279 0.0462936594462 0.417359623193 0.0203852409542 0.0581639231278 
0.189154224308 0.0246695251657 0.0451251353129 0.567461663673 0.17358945154 
0.100548245602 0.141835394814 0.696358610503 0.0216997986026 0.0395579504779 
0.0771811657359 0.047416750832 0.708475815188 0.161253916317 0.00567235192743 
0.0761557753401 0.391869888732 0.188460164882 0.337953206513 0.00556096453243 
0.0565245320649 0.112501125223 0.571475162551 0.23539843383 0.0241007463309 
0.0585155509655 0.577086033653 0.0395526489699 0.144841275323 0.180004491088 
0.292465077328 0.254106387777 0.29688937995 0.0978020565537 0.0587370983909 
0.388776741553 0.259998467997 0.0521614548751 0.0437458251437 0.255317510431 
0.322122059242 0.198208944638 0.0218239487163 0.158274110662 0.299570936741 
0.039963402156 0.326335787949 0.585727611579 0.00862706136711 0.0393461369491 
0.0707129945047 0.107590790314 0.0832209392297 0.37932982071 0.359145455242 
0.179672597736 0.285424922576 0.331670967543 0.151808625184 0.0514228869607 
0.238339932936 0.0732320743043 0.269527915956 0.0307320729576 0.388168003846 
0.0815767278258 0.0319970909421 0.0570008488208 0.727423032442 0.10200229997 
0.0553664132044 0.261001724197 0.0499538831609 0.556627332936 0.0770506465018 
0.0943910077417 0.0387250716703 0.277764771952 0.348810843039 0.240308305597 
0.126249721456 0.119706412715 0.204566705902 0.491288688246 0.0581884716813 
0.105987285012 0.284460414156 0.0584364323604 0.359626984663 0.191488883808 
0.296914920176 0.0849264034217 0.327017484959 0.125021814189 0.166119377254 
0.117079463712 0.0888065072076 0.417978889478 0.114450314662 0.26168482494 
0.504240487803 0.265089183909 0.215956962344 0.00411317447086 0.010600191473 
0.0417212267756 0.13601308052 0.000131938574817 0.742842175643 0.0792915784867 
0.320279430295 0.449134390873 0.0355962287244 0.0152604772378 0.17972947287 
0.0151706978102 0.497081961834 0.135116685287 0.120617053617 0.232013601452 
0.0561612433392 0.108274556618 0.612254503041 0.105357489 0.117952208002 
0.246188718346 0.442097962078 0.127505720847 0.0669037534952 0.117303845234 
0.26725141942 0.298551714176 0.282897478071 0.0754921155539 0.0758072727785 
0.0259744071925 0.0723730235915 0.194716505397 0.529300509786 0.177635554033 
0.260024711539 0.285566781162 0.113390775993 0.139713614268 0.201304117038 
0.0120036925251 0.0914057304925 0.446211238311 0.0919196553509 0.35845968332 
0.00057242040545 0.169429705414 0.0599467728265 0.329588473143 0.440462628211 
0.476795919 0.127569379888 0.235276589624 0.159528329912 0.000829781575371 
0.320045924876 0.064190538541 0.196274690025 0.0695949425417 0.349893904016 
0.0392354372849 0.0423280069034 0.137393874063 0.288392542347 0.492650139401 
0.275179106667 0.0134838291227 0.117787755455 0.590532966911 0.00301634184394 
0.484399441286 0.194159904708 0.0917913803784 0.21578402658 0.0138652470469 
0.35427487611 0.305268185817 0.061803994818 0.0787513810722 0.199901562183 
0.096244973346 0.0925003601351 0.415290163147 0.260589850677 0.135374652695 
0.0754212656316 0.0121673863989 0.728236641244 0.167777265026 0.016397441699 
0.51539318216 0.182055757976 0.123404324393 0.0399138452799 0.139232890191 
0.0819103686179 0.247513038972 0.35936583467 0.139013517812 0.172197239929 
0.235334903774 0.286252402389 0.292083738928 0.0332459993102 0.153082955599 
0.0540679925537 0.141760341853 0.763408452689 0.0136679985299 0.0270952143739 
0.0633922763839 0.0383521216057 0.601220254769 0.113344178668 0.183691168574 
0.307095088141 0.234527821367 0.24513184033 0.0329089740059 0.180336276157 
0.157081738346 0.0207984308455 0.711316086589 0.0944145823307 0.0163891618893 
0.289408034742 0.0969273626187 0.0886736535035 0.482158090592 0.0428328585443 
0.035163059959 0.0292620191177 0.348828291162 0.0743877826566 0.512358847105 
0.0135063817065 0.100005197116 0.663391927064 0.138118860007 0.0849776341067 
0.241479852662 0.127428960653 0.13902121794 0.474810924444 0.0172590443009 
0.559466578902 0.207831642983 0.139573201058 0.0319160941476 0.0612124829086 
0.822468579556 7.68081703637e-05 0.0531451603048 0.0455723315205 0.0787371204479 
0.0250414563721 0.142042010539 0.422680015153 0.124092558059 0.286143959877 
0.202488608694 0.00738110116515 0.556577318792 0.169584924962 0.0639680463878 
0.273576259443 0.420546191597 0.109249362048 0.0222149302693 0.174413256642 
0.124635151507 0.267460234947 0.225250477318 0.171400736999 0.21125339923 
0.139793073037 0.0282619176124 0.259021880555 0.125032315441 0.447890813356 
0.136447323116 0.223438968327 0.130685094827 0.41324917898 0.0961794347495 
0.00713556441955 0.106030367922 0.0575726056877 0.310683102522 0.518578359449 
0.330241316365 0.0577066772682 0.0962849094032 0.0383875340087 0.477379562955 
0.351922560514 0.0240829305668 0.0984027937148 0.414611535255 0.11098017995 
0.189420735814 0.0550428770721 0.0936813399204 0.479242304982 0.182612742211 
0.166936780108 0.028990908219 0.122883578644 0.14085863362 0.540330099409 
0.187376842993 0.383306350495 0.0845190613429 0.186158381868 0.158639363301 
0.44130206286 0.124118412817 0.191417992692 0.0357432280034 0.207418303627 
0.472700142432 0.037367639335 0.0685024442688 0.318810280169 0.102619493795 
0.108718568045 0.454310593919 0.0757440200848 0.218101510265 0.143125307686 
0.150776749639 0.132574654297 0.461894557256 0.0944746763193 0.160279362488 
0.238176330963 0.224684295712 0.194895065727 0.238568532506 0.103675775092 
0.0533050923244 0.340661687279 0.0325026993556 0.30218019088 0.271350330161 
0.0275620838942 0.280794599249 0.0911407542237 0.411850505217 0.188652057416 
0.433630206007 0.0296466514041 0.0779957145537 0.278431155044 0.180296272991 
0.270565859711 0.0696524848345 0.136881328685 0.477227673086 0.0456726536844 
0.000844279603784 0.0364120039884 0.0412776550648 0.59032728453 0.331138776813 
0.0969927343302 0.0536635124134 0.48856094109 0.213952171822 0.146830640344 
0.0249769291279 0.189264239426 0.309200977413 0.0324330736927 0.44412478034 
0.123651602258 0.217490245907 0.271367330717 0.350173082063 0.0373177390563 
0.0462421968872 0.5330694256 0.309313812458 0.0567121194934 0.0546624455615 
0.316509149694 0.289587062869 0.0144186232969 0.0902143302648 0.289270833875 
0.321503764472 0.0117511302366 0.032598478273 0.192251595148 0.441895031871 
0.251370766701 0.0778944819854 0.0374964017449 0.0144769862973 0.618761363271 
0.120286224704 0.060315062825 0.0163762743766 0.633471545917 0.169550892177 
0.175071024891 0.0975748121491 0.458058082705 0.182140154264 0.0871559259907 
0.387341348523 0.061035186967 0.0240663125088 0.306682045368 0.220875106633 
0.00802899645933 0.365059882584 0.182657021464 0.429000187208 0.0152539122845 
0.0603920565719 0.00175491935175 0.0479433820457 0.66161208114 0.228297560891 
0.136686545673 0.0359358030301 0.15029332573 0.271517564864 0.405566760703 
0.179764257307 0.0592414736981 0.385456550159 0.00965302565672 0.36588469318 
0.420394046906 0.369665048361 0.106042713607 0.0581907444079 0.0457074467181 
0.0306261024954 0.126372476337 0.639741000418 0.0294132361209 0.173847184628 
0.313968167536 0.170257791984 0.0718850304027 0.0541381911658 0.389750818912 
0.0525691990365 0.528528464246 0.065721529253 0.126289464157 0.226891343307 
0.0908506529834 0.444426264502 0.274486468277 0.0414871535839 0.148749460654 
0.0798626678438 0.0250664266011 0.16586595294 0.014507776316 0.7146971763 
0.046619840541 0.0189353497082 0.22822464251 0.471966223198 0.234253944043 
0.0516419979129 0.321406991384 0.0753896947385 0.0769939480451 0.47456736792 
0.196761333097 0.100284052111 0.267118135413 0.178058388174 0.257778091205 
0.339992219774 0.544767302901 0.0173072385278 0.00316876240968 0.0947644763881 
0.0178736652393 0.138685354466 0.22735246041 0.396039614876 0.220048905008 
0.000368865055777 0.0585887559096 0.123909940845 0.0831171004591 0.73401533773 
0.478570687897 0.0877867764653 0.242483912145 0.10275465643 0.0884039670632 
0.188304976051 0.164821945526 0.0373734593009 0.439244515363 0.170255103758 
0.253520070872 0.547255310041 0.0226641376836 0.00231323898886 0.174247242414 
0.0384308795222 0.688050094388 0.0360392487345 0.119054868933 0.118424908422 
0.0646398430556 0.463981557696 0.153669585716 0.113418693452 0.20429032008 
0.236163411904 0.172791366261 0.0945914106373 0.0658252465201 0.430628564677 
0.0171735060452 0.237704389969 0.379263443269 0.184552747381 0.181305913336 
0.190231012166 0.100055919758 0.149439002453 0.489296506416 0.0709775592066 
0.0029480126154 0.0158682671921 0.27663056766 0.407280776431 0.297272376101 
0.0555907437737 0.226999406861 0.0393696737731 0.331731918395 0.346308257198 
0.0895832387945 0.507207950838 0.0961596460763 0.217335452986 0.0897137113049 
0.424781781826 0.302456779044 0.079488573283 0.130868056404 0.0624048094434 
0.243648687928 0.0458252663022 0.183826221678 0.377353093988 0.149346730105 
0.138995270329 0.133993038106 0.130917792137 0.554841120993 0.0412527784349 
0.0894324241736 0.21374879254 0.033871656437 0.527416996243 0.135530130606 
0.0717997070413 0.502688022748 0.243403381599 0.144825311221 0.0372835773907 
0.298770309791 0.219374900833 0.29875217762 0.0550498485824 0.128052763173 
0.264829282186 0.162216253797 0.273274920138 0.214853121862 0.084826422017 
0.29034935637 0.339443357387 0.300556159712 0.0613089889987 0.00834213753148 
0.0222856082134 0.585974543176 0.183390126382 0.142129227612 0.066220494617 
0.0556208700642 0.0893730920274 0.178023007219 0.00414361282263 0.672839417867 
0.463209727151 0.166249946384 0.0505613881981 0.112850992486 0.207127945781 
0.0444237102049 0.585654138837 0.0514072397524 0.0340486594169 0.284466251789 
0.13920423488 0.130946685217 0.524807863399 0.195252338988 0.00978887751669 
0.59652881992 0.0155935876541 0.00493365978175 0.0932388504552 0.289705082189 
0.0181021593458 0.652457075809 0.0233774590954 0.0961639347356 0.209899371014 
0.331036334586 0.262267696892 0.0315829034122 0.114348152578 0.260764912531 
0.283078798317 0.440935427034 0.246911500796 0.0158789944452 0.0131952794074 
0.372699846627 0.170801291936 0.218261737499 0.0487015388243 0.189535585114 
0.135479402201 0.694623068497 0.121256609448 0.00616403044942 0.0424768894042 
0.399550873335 0.259364705244 0.00754590689484 0.284533546887 0.0490049676385 
0.124577872807 0.372558785279 0.190083970855 0.166265794445 0.146513576614 
0.340035457974 0.206258143664 0.274822326323 0.0205719238669 0.158312148172 
0.112438456219 0.0631804173368 0.408542579609 0.10139523045 0.314443316385 
0.145475855725 0.094404783151 0.1125497446 0.467664623238 0.179904993286 
0.270500658213 0.0604356802288 0.276609345885 0.261661314371 0.130793001302 
0.0156441641272 0.481449841655 0.468714818431 0.0291952548455 0.00499592094138 
0.137880570178 0.207432872327 0.230077640437 0.0206596302981 0.40394928676 
0.104614410552 0.691869286982 0.0650792633919 0.0975802122791 0.0408568267944 
0.245022492312 0.054317559143 0.364405385501 0.253258613869 0.0829959491756 
0.250751203839 0.0502756872764 0.1459372244 0.486089565701 0.0669463187836 
0.0929695418828 0.0713181542875 0.30770399078 0.403153865964 0.124854447086 
0.0314519365925 0.169576162888 0.0913835173499 0.581649277815 0.125939105355 
0.0795755898559 0.530825764556 0.282572193003 0.0128921758947 0.0941342766904 
0.0139311532096 0.153718188433 0.471610128307 0.0282178651079 0.332522664943 
0.250530327265 0.05225823553 0.0374563934976 0.370948472736 0.288806570972 
0.158022404443 0.192483260768 0.299444126503 0.19503438951 0.155015818777 
0.25446604587 0.25055733834 0.155785299096 0.243969606542 0.0952217101522 
0.371844509867 0.226427736818 0.0211452802237 0.349827271187 0.0307552019043 
0.00264951706721 0.322098121259 0.235447320219 0.124483434133 0.315321607323 
0.430924273614 0.121128191186 0.0874974714184 0.311810315132 0.0486397486499 
0.444127919833 0.049814405464 0.338691199632 0.0870932260277 0.0802732490434 
0.110516323582 0.139605462008 0.0341909547431 0.150207359357 0.565479900311 
0.344993286491 0.0598117120085 0.0406122722969 0.195175777365 0.359406951838 
0.511964583199 0.0725370948062 0.107316820572 0.295616530949 0.0125649704736 
0.187534755551 0.00228397535711 0.25634757633 0.341148936639 0.212684756123 
0.121604880928 0.0940438585421 0.0711356003754 0.343105341423 0.370110318731 
0.379281713456 0.209732731717 0.0772925508071 0.298889377001 0.0348036270196 
0.0333528512307 0.289705198508 0.515152087205 0.148451456091 0.0133384069647 
0.257921891121 0.338409504792 0.151933415641 0.0986968075546 0.153038380891 
0.235648828012 0.134810583483 0.0429433128378 0.475190575508 0.111406700159 
0.183778398773 0.196225284468 0.260118103106 0.182217935398 0.177660278255 
0.230313000118 0.142664954331 0.418149457551 0.172159280736 0.0367133072648 
0.13200070105 0.0691369251069 0.511412907836 0.101154183088 0.186295282918 
0.594882460383 0.0608715240995 0.132645059042 0.0892747081399 0.122326248335 
0.114626921702 0.0626609527886 0.408635115034 0.146193350857 0.267883659619 
0.19820767346 0.0228965615675 0.515478282382 0.162432061901 0.100985420689 
0.116001115717 0.0688957003043 0.173857342051 0.351297756324 0.289948085603 
0.0230036869682 0.0189260240456 0.145765006091 0.0681990017952 0.7441062811 
0.281163690095 0.301286856414 0.232290187209 0.0206478544178 0.164611411864 
0.00206895931477 0.26261895548 0.489775115252 0.193428999402 0.0521079705506 
0.309315838444 0.185939499719 0.298970588284 0.0157455656432 0.19002850791 
0.688092352323 0.134904366596 0.0250153982461 0.125459215424 0.0265286674113 
0.162917311534 0.228505978755 0.0973232062545 0.445459072884 0.0657944305722 
0.0710055889568 0.459258263763 0.10708706362 0.288680287234 0.0739687964267 
0.162322902442 0.092771517595 0.093506984065 0.00584684615492 0.645551749743 
0.0306444841554 0.0976063500577 0.276233983019 0.0706338557511 0.524881327017 
0.0670045850187 0.0291689758514 0.257866459127 0.312518313942 0.333441666061 
0.34018674292 0.0109228230065 0.14153113524 0.255623610726 0.251735688107 
0.0206560455001 0.164273959471 0.231228701431 0.446257387908 0.137583905689 
0.114662110872 0.00543520516024 0.291943691628 0.338603761745 0.249355230594 
0.240036035297 0.586414207795 0.063673182148 0.089047999898 0.0208285748614 
0.453205476611 0.253313761631 0.0890375782732 0.065940054091 0.138503129394 
0.0400017464466 0.359462460514 0.242114004447 0.238571321563 0.119850467029 
0.167695072081 0.266066713488 0.0484265672356 0.190634211845 0.327177435351 
0.198852999385 0.00136057473953 0.339099803041 0.176162683223 0.284523939612 
0.0159766066342 0.0283291244034 0.29277207635 0.537221178765 0.125701013847 
0.156419840963 0.252797882017 0.315399261393 0.148912115815 0.126470899813 
0.0295383874091 0.0939559025838 0.201057360824 0.490534165779 0.184914183405 
0.0538624509323 0.337688032445 0.276098957237 0.109159595175 0.22319096421 
0.0620219202928 0.214817375271 0.479913837884 0.184030142398 0.0592167241548 
0.446915481024 0.117260592944 0.166425387318 0.0510402207981 0.218358317916 
0.153945285889 0.000352103992595 0.0463230766076 0.121920197547 0.677459335963 
0.220249236229 0.320894299707 0.311273124762 0.0814882312628 0.0660951080398 
0.124223936241 0.0524955995009 0.0508090849345 0.396082864901 0.376388514423 
0.0789528362695 0.119173954323 0.7074017184 0.0812598968699 0.0132115941378 
0.0267417636226 0.147795984451 0.047780446943 0.241463283977 0.536218521007 
0.237423653734 0.476217376857 0.164164486347 0.0273419113892 0.0948525716733 
0.419035785622 0.116659387564 0.102809403859 0.225190227542 0.136305195412 
0.0560093770601 0.365633755759 0.329027906403 0.209617342829 0.0397116179486 
0.0572638996159 0.151608993443 0.715112484544 0.038760558952 0.037254063445 
0.392735574334 0.0237377123145 0.18504875049 0.298655392544 0.099822570318 
0.210137745588 0.00674536665213 0.056774351484 0.423561395324 0.302781140952 
0.038063913707 0.36547322662 0.430416467724 0.0896530713471 0.0763933206015 
0.0704425307985 0.560319237929 0.335530403065 0.0304018024033 0.00330602580427 
0.255938318075 0.521036735874 0.0359361605036 0.0459178213082 0.141170964239 
0.191242103791 0.415694574549 0.0528824608765 0.0807576131481 0.259423247636 
0.118708180951 0.412387594359 0.0896768385714 0.112521688752 0.266705697366 
0.79356631708 0.0316228243201 0.145389738368 0.0219427502218 0.0074783700106 
0.0292979821861 0.685638786673 0.0150599714268 0.239074330857 0.0309289288575 
0.00780781740026 0.582738760814 0.0707654634121 0.320328480357 0.0183594780166 
0.0174471871375 0.218272824705 0.161719612503 0.187267425938 0.415292949716 
0.207577640476 0.0917555942776 0.0211091210452 0.2025131818 0.477044462401 
0.136415496171 0.209121120825 0.155226234349 0.452779693872 0.0464574547819 
0.00973057408842 0.0700979217453 0.288557356914 0.109989759758 0.521624387494 
0.158223466652 0.0178912339795 0.113181505388 0.564433659319 0.146270134662 
0.0206403169714 0.0473213074135 0.126536006722 0.0331828755583 0.772319493335 
0.113425817613 0.0423627715056 0.371539730366 0.189752359365 0.282919321151 
0.179923527667 0.33507093523 0.0293069236776 0.447707423915 0.00799118950975 
0.274677438918 0.318637547089 0.0367354532265 0.0196097550707 0.350339805697 
0.238943369736 0.00243693226559 0.0474319211463 0.120421918796 0.590765858056 
0.688391524305 0.0452677161738 0.142511569899 0.12037992184 0.003449267782 
0.137434589527 0.180313621589 0.0421595690279 0.46848359327 0.171608626587 
0.181124715779 0.245166558312 0.471004543659 0.0625800020231 0.0401241802264 
0.0649921959151 0.277111761509 0.00237654840639 0.190032679874 0.465486814296 
0.38452006523 0.173763957535 0.0827638976646 0.174375827148 0.184576252423 
0.0700430421173 0.06795640529 0.083584783988 0.695959453633 0.0824563149718 
0.257507970711 0.0998046630287 0.211595422864 0.427148132493 0.00394381090318 
0.0519016916807 0.438674244622 0.0485959012081 0.444154010001 0.0166741524887 
0.0554588487458 0.752567373116 0.0695505322935 0.0652091422971 0.0572141035478 
0.246012570539 0.0671593450658 0.193525372123 0.255560753907 0.237741958365 
0.0189784886596 0.133140235805 0.171540593924 0.309785734918 0.366554946694 
0.0718568523471 0.261372693148 0.412829856419 0.0447596714495 0.209180926636 
0.572588683153 0.0329131999175 0.0218044464378 0.309330367335 0.0633633031574 
0.128781002944 0.0883196892935 0.0882230651739 0.182402773853 0.512273468736 
0.0711124671204 0.300808727615 0.367591223798 0.0674384449839 0.193049136482 
0.197721904065 0.040756371628 0.407208371026 0.0705837696172 0.283729583664 
0.340238830119 0.0874323189016 0.138210892518 0.0528634943556 0.381254464106 
0.317884593395 0.382954187823 0.037344963807 0.101646254809 0.160170000165 
0.0221067325443 0.086185731277 0.318308806284 0.231455302389 0.341943427505 
0.192957662676 0.0592928231199 0.295938035468 0.0687665498432 0.383044928892 
0.208435442999 0.316621488715 0.0302924319886 0.15575668009 0.288893956207 
0.0560591952762 0.554558011473 0.0850880449559 0.235515621128 0.0687791271666 
0.120973361461 0.200843810859 0.402350499601 0.101771683398 0.174060644681 
0.11434696101 0.213504849281 0.374560468746 0.064857478609 0.232730242353 
0.134755298503 0.181348255244 0.206992109479 0.434772544704 0.0421317920697 
0.192592259691 0.554153073827 0.0701488145199 0.0808407497127 0.10226510225 
0.0581519524349 0.293298281852 0.0909318449546 0.419077755346 0.138540165413 
0.166779478743 0.0787924015516 0.192535501041 0.0713711706696 0.490521447995 
0.616611209764 0.0952055969138 0.0248456515091 0.0450288463263 0.218308695487 
0.147808248469 0.124154017611 0.0810997142086 0.264583544543 0.382354475168 
0.184132155825 0.402190780241 0.0592379221165 0.245846083779 0.108593058039 
0.158122108724 0.36213669276 0.0194966531002 0.104152816799 0.356091728617 
0.0609913491883 0.482732076427 0.00600524722995 0.0841765237403 0.366094803414 
0.014987107406 0.360791757701 0.591038544156 0.00256428353505 0.0306183072021 
0.293300126371 0.141082058747 0.0284503018388 0.16475409459 0.372413418454 
0.118338844135 0.0395076700163 0.311468018624 0.103413668701 0.427271798524 
0.330603361896 0.163846075496 0.296755472689 0.155641974857 0.0531531150624 
0.23190180495 0.126530610804 0.117034881397 0.517830072912 0.0067026299372 
0.0678604767162 0.634074980109 0.0659337307736 0.223520538775 0.00861027362595 
0.00639110061182 0.0530385353424 0.290790176987 0.232586821505 0.417193365554 
0.094643401375 0.411249161514 0.0739158816996 0.220237869436 0.199953685975 
0.599813516439 0.155295252468 0.064158619866 0.0975282207753 0.083204390452 
0.456636598553 0.0749698034986 0.0509264279089 0.196977077624 0.220490092415 
0.122775259865 0.101480295016 0.534389697326 0.00904073969052 0.232314008103 
0.0704807961725 0.0278002695509 0.13778018489 0.440540590902 0.323398158485 
0.413446100099 0.425075177984 0.0249704975572 0.0520774260142 0.0844307983454 
0.0825022396859 0.0105614412768 0.441312067882 0.0567933316841 0.408830919472 
0.194667315081 0.119204446406 0.296651041593 0.136202521318 0.253274675603 
0.38833375604 0.132575406339 0.021141419716 0.146637367688 0.311312050218 
0.788647553183 0.00221537026636 0.044133770111 0.0414519541406 0.123551352299 
0.00157611142012 0.442462169 0.0983286346362 0.0286051668877 0.429027918056 
0.0572305027943 0.14929418482 0.397921938873 0.320272929723 0.0752804437896 
0.488795551287 0.282790917304 0.052764251432 0.108579340529 0.0670699394472 
0.00750744310245 0.612159735171 0.302274281103 0.0501258390214 0.0279327016014 
0.299352342398 0.0709081320478 0.0858550218165 0.204878993784 0.339005509954 
0.0294645665515 0.015903095548 0.170410093734 0.550412716774 0.233809527393 
0.235354324773 0.116232870201 0.0107991823213 0.378234886554 0.259378736151 
0.0892120729711 0.240252297732 0.130347044437 0.382778449745 0.157410135115 
0.187821786833 0.158262241509 0.0023665133979 0.256627885531 0.39492157273 
0.134194577811 0.485056694579 0.055503538733 0.300037094118 0.0252080947593 
0.270180957834 0.13456591897 0.151501111922 0.352112587684 0.0916394235897 
0.20899508655 0.418660564086 0.0090384306028 0.11324303163 0.250062887131 
0.256309863916 0.416590441178 0.0472141143151 0.114514862139 0.165370718452 
5.13936920394e-05 0.767874574967 0.00383055938012 0.17240913495 0.0558343370112 
0.254164715304 0.140507866769 0.0247461713281 0.257690005021 0.322891241578 
0.282969081726 0.549360201025 0.022984575523 0.00669843297062 0.137987708756 
0.16953820022 0.127195905822 0.292725358915 0.0857777527163 0.324762782326 
0.228517883799 0.348782551048 0.0687098262933 0.305701941712 0.048287797148 
0.0859375545587 0.100036243765 0.039596539971 0.186694543117 0.587735118589 
0.245976430675 0.227035016793 0.142412319685 0.0262638974026 0.358312335444 
0.0560697215386 0.333900837089 0.38947313712 0.207971997939 0.0125843063129 
0.15829453362 0.040293612189 0.0730606965704 0.60588913665 0.12246202097 
0.312921308265 0.0404490779455 0.00404316620504 0.173372352839 0.469214094745 
0.0171947772792 0.177894007892 0.553249267109 0.0937387400327 0.157923207687 
0.0963792851936 0.100107391718 0.105118257157 0.563690578073 0.134704487858 
0.206463657 0.180811109926 0.402366174736 0.180908733665 0.0294503246721 
0.249512302217 0.119533069672 0.235550738333 0.305693754805 0.0897101349733 
0.0183477025941 0.18236315958 0.261891429484 0.344248791358 0.193148916984 
0.0568095676166 0.150665250163 0.0868931097394 0.332254050414 0.373378022067 
0.0276043955646 0.482886121932 0.0423966132818 0.0160804622209 0.431032407 
0.000521070576591 0.167099663097 0.236196960985 0.271752033439 0.324430271902 
0.254375779322 0.196073540828 0.0850872170146 0.0905638060598 0.373899656776 
0.0671172372642 0.266064624016 0.193717984623 0.460863062298 0.0122370917987 
0.0880942523669 0.383191865828 0.0442745483192 0.429192077078 0.0552472564084 
0.138131126471 0.0721702649323 0.611668618222 0.168371723273 0.00965826710163 
0.426555365231 0.0706214261538 0.335181602604 0.0309969293219 0.136644676689 
0.671584482674 0.0152424424119 0.131315160346 0.121216263324 0.0606416512435 
0.00901994958142 0.33732188166 0.0724447883691 0.40881939183 0.172393988559 
0.180168290558 0.179513268791 0.389251400947 0.219259507075 0.0318075326282 
0.0282915766722 0.00722572498509 0.180968005194 0.744841054588 0.0386736385607 
0.059550736888 0.205958954387 0.537490174705 0.173050265642 0.0239498683781 
0.416521681407 0.083599805561 0.238636516038 0.171502169146 0.0897398278475 
0.37307586469 0.112594037901 0.302834465848 0.0692629449762 0.142232686585 
0.126199009659 0.120595406939 0.40047030117 0.0938600663595 0.258875215872 
0.459896594423 0.15310311201 0.0730121310179 0.288311943751 0.0256762187983 
0.267541026356 0.0476511750533 0.0680701081661 0.144097072344 0.472640618081 
0.642525477965 0.00293264775546 0.0114278093866 0.33654578989 0.0065682750033 
0.171224295657 0.23258034139 0.173217774095 0.362072081445 0.0609055074124 
0.497953562311 0.11916784138 0.011736213522 0.343352736754 0.0277896460324 
0.318741835628 0.2635314011 0.36140421144 0.0483701207147 0.00795243111648 
0.135979677976 0.137134126759 0.0619301148839 0.0350647967358 0.629891283645 
0.23312007294 0.25388398946 0.139229921384 0.265388105333 0.108377910884 
0.512401849453 0.122806996351 0.16470915592 0.13679417453 0.0632878237452 
0.0466035904775 0.0147095306341 0.0916969370587 0.635954024721 0.211035917108 
0.422769968689 0.298630242013 0.126225595973 0.14734608118 0.00502811214436 
0.0173978189256 0.343055304576 0.238298489098 0.203979344738 0.197269042662 
0.267396983162 0.0191962127898 0.0854566497292 0.542950961415 0.0849991929032 
0.194056851329 0.475750022381 0.163701607469 0.0654108643326 0.101080654488 
0.696326787072 0.124754004409 0.113508258362 0.0518269602138 0.0135839899434 
0.186221422876 0.0102372245638 0.109313326373 0.4815419976 0.212686028587 
0.0595537294085 0.254198168282 0.0243226464487 0.489011963689 0.172913492171 
0.288027936816 0.141612638547 0.26599086966 0.0454464477993 0.258922107178 
0.0324506439947 0.632560368584 0.104488364838 0.136749683191 0.0937509393925 
0.213205610361 0.107604959455 0.192593759405 0.361415541231 0.125180129548 
0.104283830093 0.31747900377 0.0989150652536 0.316835540397 0.162486560486 
0.268266293242 0.5186415567 0.0222970537055 0.126820022923 0.0639750734302 
0.228326487039 0.0264784984996 0.278463659574 0.0993056095209 0.367425745366 
0.311109056043 0.185209773231 0.312197233124 0.188141336373 0.00334260122867 
0.0605460626132 0.0837911784994 0.189400003256 0.0145778972878 0.651684858343 
0.0901241878344 0.0421469512905 0.0633903827592 0.0264341364732 0.777904341643 
0.0942196701663 0.239569331633 0.0752610917109 0.441517823926 0.149432082564 
0.0084300920554 0.310545377727 0.140140385753 0.102464782605 0.438419361859 
0.101479668068 0.361672075757 0.0945877933641 0.128695533387 0.313564929424 
0.189273680776 0.298007751017 0.0554562138124 0.404324376347 0.0529379780473 
0.265067606152 0.362840257151 0.0523166280656 0.194004586754 0.125770921878 
0.0257302908094 0.0385569143683 0.245013148153 0.306707834837 0.383991811832 
0.132746714888 0.20021145952 0.0646856432041 0.593585041642 0.0087711407463 
0.0487864080524 0.0587431098667 0.0664325990404 0.444588620133 0.381449262907 
0.31002871486 0.374484176909 0.0754763422115 0.170589904742 0.0694208612776 
0.0029317552579 0.104676245706 0.718846564683 0.0892437874119 0.0843016469413 
0.227109090495 0.102294748549 0.264572994689 0.254078609668 0.151944556599 
0.00634459762429 0.0042718169855 0.0752601382696 0.461493445685 0.452630001436 
0.0948014005421 0.0432459930189 0.001873601995 0.708802442068 0.151276562376 
0.0679459996503 0.453030792583 0.341388590276 0.00130201210118 0.136332605389 
0.364261748001 0.289570407029 0.19597571467 0.0479177983693 0.102274331931 
0.0309933529848 0.239967156656 0.178713490198 0.297815147164 0.252510852997 
0.441468573338 0.134125001265 0.124282782571 0.13741119722 0.162712445605 
0.168132221015 0.195558708034 0.070795884779 0.350610206333 0.21490297984 
0.0778667022887 0.269606356708 0.220807357636 0.234882870829 0.196836712538 
0.217307705067 0.0748204309856 0.543483336492 0.0232286829698 0.141159844486 
0.225249683397 0.00825087903718 0.360070513519 0.0753535067236 0.331075417323 
0.0314049350138 0.260764397106 0.0260448579889 0.355413725467 0.326372084424 
0.0590781951222 0.0405189099114 0.119322586015 0.580682795236 0.200397513716 
0.0111468399622 0.248522653707 0.427146569767 0.21099880327 0.102185133294 
0.0527346739056 0.162537666941 0.179946539159 0.0970089082813 0.507772211713 
0.0636228400441 0.29669856582 0.0504423417236 0.094659027927 0.494577224486 
0.0100672947301 0.0680984622426 0.263424892028 0.0667157982114 0.591693552788 
0.64041085933 0.00410801026892 0.0150066594274 0.305993692114 0.0344807788596 
0.40476617375 0.0238327718563 0.253708658506 0.180569134269 0.137123261619 
0.527419243842 0.188062449581 0.195218459926 0.0888437865715 0.000456060079616 
0.43751014129 0.201929424629 0.153505272912 0.0445537975937 0.162501363576 
0.624786179632 0.138756679201 0.18373928524 0.017029130567 0.0356887253608 
0.179872509031 0.174424128681 0.41023450642 0.123508793042 0.111960062826 
0.0204016350261 0.0659201194293 0.228252541755 0.492117561252 0.193308142538 
0.0699548291651 0.135561434863 0.0650161978243 0.22356913041 0.505898407737 
0.35257500902 0.272248042697 0.150119578963 0.0124920344899 0.21256533483 
0.0566399264256 0.321710191522 0.0711473251012 0.420309083495 0.130193473456 
0.323519207359 0.217531008404 0.225211345521 0.110893154541 0.122845284174 
0.316868111231 0.322886234168 0.0116682152558 0.0880141960551 0.26056324329 
0.141670579757 0.064843678524 0.277815960488 0.188779192061 0.32689058917 
0.113835978084 0.544608301245 0.238817754208 0.101625228447 0.0011127380164 
0.200380964123 0.271343977694 0.189347309701 0.158508342578 0.180419405905 
0.0776616579443 0.183451004236 0.510595094149 0.201572030254 0.0267202134161 
0.52972966814 0.0114157442982 0.205387388713 0.0233819656748 0.230085233174 
0.0552890246397 0.527642773771 0.0198053003404 0.0823125576694 0.314950343579 
0.0100469838784 0.00780355524426 0.0996760772629 0.582413221165 0.30006016245 
0.406711172451 0.127486329589 0.159061025192 0.296987514075 0.00975395869382 
0.221843200986 0.120948558475 0.119861169098 0.160965942463 0.376381128978 
0.0406927669849 0.780471090441 0.00882409168543 0.112914856437 0.057097194452 
0.481987411428 0.0384544069684 0.377455277608 0.0496357208292 0.0524671831662 
0.274485895012 0.0937908245835 0.17212221073 0.453884751767 0.0057163179074 
0.383302342269 0.0955924583916 0.0648746831692 0.0957572036923 0.360473312478 
0.0138934325105 0.691916434574 0.00426581538469 0.0696868464782 0.220237471052 
0.222432741451 0.00755573176963 0.395423038344 0.224350745986 0.150237742449 
0.0775365811537 0.36754197798 0.436214486758 0.0218103464258 0.0968966076825 
0.0316334374653 0.276408035422 0.114051029014 0.173965506001 0.403941992098 
0.086931129557 0.00305761995923 0.0609685884796 0.623715335125 0.225327326879 
0.158705720112 0.0530949534507 0.102807061068 0.583115876518 0.102276388851 
0.463556112191 0.243310738445 0.0813279266291 0.177743573996 0.0340616487395 
0.109682425094 0.160878843382 0.176248402376 0.308842200453 0.244348128695 
0.134919520131 0.0398128885135 0.0447890430766 0.567721087241 0.212757461038 
0.0207966614936 0.209305244576 0.27495312271 0.453499811174 0.0414451600468 
0.157130430669 0.357699437028 0.239284656749 0.119997846783 0.12588762877 
0.0457331362899 0.127224643979 0.120834175029 0.31504372781 0.391164316893 
0.0991693505783 0.0569210987149 0.205261733762 0.0107553264044 0.62789249054 
0.00646922423163 0.365243661457 0.155275120163 0.0131610442681 0.45985094988 
0.100589422493 0.102548572498 0.684901013094 0.0674089180093 0.0445520739056 
0.235635594984 0.200407249753 0.0403913607308 0.409179404891 0.114386389641 
0.0647471399835 0.303346365946 0.503600020751 0.0197099804301 0.10859649289 
0.361275740765 0.0686323906167 0.0509574448821 0.204992672586 0.31414175115 
0.464626846281 0.0895760885041 0.112625873565 0.286559249917 0.0466119417334 
0.0694863900561 0.189303323662 0.0949646497176 0.360185115519 0.286060521046 
0.159357648197 0.802141360944 0.00765302123247 0.0212240646583 0.00962390496838 
0.674110023786 0.0851397523658 0.00960604568022 0.047103474936 0.184040703232 
0.181380948171 0.245945718033 0.111764875034 0.0204732456468 0.440435213115 
0.0481201147816 0.188386231585 0.490032149377 0.113631183866 0.15983032039 
0.329296916365 0.0721579956912 0.0746891918387 0.335235560514 0.18862033559 
0.110612319038 0.273833851269 0.185045068141 0.0705575216896 0.359951239862 
0.249664140344 0.00727410012668 0.0212820753844 0.610908251998 0.110871432147 
0.109353199598 0.733079844831 0.0688720346046 0.0628727067828 0.025822214184 
0.306909129416 0.0324048110719 0.105558821739 0.459851355529 0.0952758822437 
0.131850346822 0.501655929806 0.0880259130325 0.261505297138 0.016962513201 
0.112474048017 0.19517042167 0.0812360862862 0.00966555507589 0.601453888951 
0.283347239238 0.290508583578 0.179309171719 0.13049894578 0.116336059684 
0.164933571667 0.409208440483 0.0197694808504 0.0917515796967 0.314336927303 
0.111201072874 0.584619435269 0.216002085056 0.0301777311192 0.0579996756824 
0.191701659594 0.0574566618303 0.20634980145 0.316357876691 0.228134000435 
0.348576264202 0.29065911528 0.0469955967495 0.216472323413 0.0972967003562 
0.332891923866 0.056644699455 0.411822313584 0.14336299617 0.0552780669252 
0.010732694951 0.561287970699 0.121740287937 0.149025282792 0.15721376362 
0.0101361743652 0.161880997112 0.208088552846 0.467027715788 0.152866559889 
0.0483140460992 0.178174705521 0.571473572702 0.0365924064782 0.165445269199 
0.382274794254 0.17001952508 0.194330935103 0.0290972350895 0.224277510472 
0.00569194373658 0.188655747659 0.259408287776 0.486229753784 0.0600142670438 
0.609907849128 0.153829764937 0.00162238466277 0.0965042499628 0.138135751309 
0.0742410610161 0.597151705273 0.019561221994 0.254022262163 0.0550237495539 
0.390631119977 0.343364096427 0.0939968429132 0.0608423369372 0.111165603746 
0.185988799838 0.43354840338 0.312518964811 0.0221607249013 0.0457831070697 
0.373902926959 0.340468455829 0.0432136986446 0.0649317446611 0.177483173906 
0.068559440003 0.18430750754 0.297215470179 0.392414978413 0.0575026038655 
0.107526221062 0.281191956729 0.0619087562359 0.207525126536 0.341847939437 
0.00823987945122 0.00968997057392 0.0829312713313 0.667672846599 0.231466032045 
0.0863459038568 0.0120794896146 0.0536039500449 0.327570951652 0.520399704832 
0.582553823055 0.24384177672 0.13654134361 0.0101351999033 0.0269278567117 
0.119180832701 0.454491162045 0.213318409808 0.133323121931 0.0796864735143 
0.090516242399 0.441775837183 0.121161212072 0.0557426450686 0.290804063278 
0.478992413697 0.0235160857424 0.0688411526247 0.220770845384 0.207879502552 
0.107469582022 0.0237108378767 0.0113118219289 0.844735902027 0.012771856146 
0.0665933639992 0.0065667536513 0.643699226436 0.0115353022809 0.271605353633 
0.0702089350537 0.152967823543 0.61805537644 0.0288251340415 0.129942730922 
0.218709060216 0.284264475905 0.0958960305648 0.00367354852054 0.397456884794 
0.047594289635 0.0545004780818 0.116882693577 0.681473798206 0.0995487404999 
0.252937131385 0.451515595694 0.0803105910867 0.0198631491306 0.195373532703 
0.3448395938 0.255697375461 0.249844166395 0.0881379359683 0.0614809283758 
0.151596397246 0.256233418434 0.0478285163489 0.233889451013 0.310452216958 
0.285254790284 0.231448595935 0.161305122557 0.292785934879 0.0292055563447 
0.387212856092 0.227898308943 0.0643445152386 0.299967330693 0.0205769890327 
0.000735536917238 0.426524962041 0.0165944059846 0.371618945203 0.184526149854 
0.0503538282632 0.171642524477 0.154843790938 0.458030595346 0.165129260975 
0.0215419819041 0.317893268071 0.0570769025616 0.579120988421 0.0243668590425 
0.199767569655 0.219508796956 0.171136677435 0.033159263807 0.376427692147 
0.0620482341798 0.132875031001 0.0368163555384 0.444769210048 0.323491169232 
0.522295622824 0.193942749365 0.135512962002 0.0995302243066 0.048718441502 
